% This function returns 64x2 indices for our 8x8 zig-zag order
function index = zigzag()
index = [
1 1; 1 2; 2 1; 3 1; 2 2; 1 3; 1 4; 2 3; 3 2; 4 1;
5 1; 4 2; 3 3; 2 4; 1 5; 1 6; 2 5; 3 4; 4 3; 5 2;
6 1; 7 1; 6 2; 5 3; 4 4; 3 5; 2 6; 1 7; 1 8; 2 7;
3 6; 4 5; 5 4; 6 3; 7 2; 8 1; 8 2; 7 3; 6 4; 5 5;
4 6; 3 7; 2 8; 3 8; 4 7; 5 6; 6 5; 7 4; 8 3; 8 4;
7 5; 6 6; 5 7; 4 8; 5 8; 6 7; 7 6; 8 5; 8 6; 7 7;
6 8; 7 8; 8 7; 8 8];
end
